SetDesc: "..."
Authors: "..."
Reference: "..."
Format: lhagrid1
DataVersion: 1
NumMembers: 1
Flavors: [-6, -5, -4, -3, -2, -1, 1, 2, 3, 4, 5, 6, 21, ]
OrderQCD: 1
FlavorScheme: variable
ErrorType: symmhessian
XMin: 9.9e-07
XMax: 0.99085
QMin: 1
QMax: 14317.8
MZ: 91.1876
MUp: 0
MDown: 0
MStrange: 0
MCharm: 1.43
MBottom: 4.5
MTop: 173
AlphaS_MZ: 0.118
AlphaS_OrderQCD: 1
AlphaS_Type: ipol
AlphaS_Qs: [1, 1.11291, 1.23856, 1.3784, 1.40397, 1.43, 1.43, 1.50649, 1.58708, 1.67197, 1.7614, 1.85562, 1.95488, 2.05945, 2.16961, 2.28567, 2.40793, 2.53673, 2.67242, 2.81537, 2.96597, 3.12462, 3.29176, 3.46784, 3.65334, 3.84876, 4.05463, 4.27151, 4.5, 4.5, 4.8708, 5.27215, 5.70657, 6.17678, 6.68574, 7.23664, 7.83294, 8.47837, 9.17698, 9.93315, 10.7516, 11.6376, 12.5965, 13.6344, 14.7579, 15.9739, 17.2902, 18.7149, 20.257, 21.9261, 23.7328, 25.6884, 27.8051, 30.0962, 32.5761, 35.2603, 38.1657, 41.3106, 44.7145, 48.399, 52.387, 56.7037, 61.376, 66.4333, 71.9074, 77.8325, 84.2458, 91.1876, 100.139, 109.968, 120.763, 132.617, 145.634, 159.93, 175.628, 175.628, 192.868, 211.8, 232.59, 255.421, 280.493, 308.027, 338.263, 371.466, 407.929, 447.972, 491.945, 540.234, 593.263, 651.498, 715.449, 785.677, 862.799, 947.491, 1040.5, 1142.63, 1254.79, 1377.96, 1513.22, 1661.76, 1824.88, 2004.01, 2200.72, 2416.75, 2653.97, 2914.49, 3200.57, 3514.74, 3859.75, 4238.62, 4654.68, 5111.58, 5613.34, 6164.34, 6769.43, 7433.92, 8163.63, 8964.97, 9844.98, 10811.4, 11872.6, 13038, 14317.8]
AlphaS_Vals: [0.451695, 0.415858, 0.385709, 0.359948, 0.355876, 0.351937, 0.351934, 0.341613, 0.332528, 0.323887, 0.315713, 0.307966, 0.300613, 0.293624, 0.286972, 0.280632, 0.274582, 0.268802, 0.263273, 0.257979, 0.252906, 0.248037, 0.243363, 0.238871, 0.234549, 0.230389, 0.226381, 0.222517, 0.218788, 0.218788, 0.213875, 0.209185, 0.204705, 0.200419, 0.196314, 0.192381, 0.188607, 0.184984, 0.181502, 0.178152, 0.174928, 0.171821, 0.168828, 0.16594, 0.163151, 0.160458, 0.157854, 0.155336, 0.152899, 0.15054, 0.148255, 0.14604, 0.143891, 0.141807, 0.139784, 0.137818, 0.135909, 0.134054, 0.132249, 0.130494, 0.128786, 0.127123, 0.125503, 0.123926, 0.122388, 0.120888, 0.119426, 0.118, 0.116357, 0.114761, 0.113209, 0.111699, 0.110229, 0.108799, 0.10742, 0.10742, 0.1062, 0.105, 0.103828, 0.102681, 0.101561, 0.100465, 0.0993923, 0.0983428, 0.0973157, 0.09631, 0.0953251, 0.0943605, 0.0934155, 0.0924894, 0.0915817, 0.0906919, 0.0898195, 0.0889639, 0.0881246, 0.0873012, 0.0864933, 0.0857004, 0.0849221, 0.0841578, 0.0834075, 0.0826705, 0.0819466, 0.0812354, 0.0805366, 0.0798499, 0.0791749, 0.0785113, 0.0778589, 0.0772174, 0.0765864, 0.0759658, 0.0753553, 0.0747546, 0.0741636, 0.0735818, 0.0730093, 0.0724456, 0.0718907, 0.0713444, 0.0708063, 0.0702764, 0.0697544]
